0 1 2 -1 14 -1 -1 -1 -1 -1 -1 -1 -1
2 -1 3 0 4 -1 -1 -1 -1 -1 -1 -1 -1
3 2 -1 -1 -1 -1 -1 -1 -1 -1 -1 -1 -1
4 7 5 2 6 -1 -1 -1 -1 -1 -1 -1 -1
7 8 4 -1 9 -1 -1 -1 -1 -1 -1 -1 -1
9 11 7 10 12 -1 -1 -1 -1 -1 -1 -1 -1 
12 9 -1 14 13 -1 -1 -1 -1 -1 -1 -1 -1
14 15 0 16 12 -1 -1 -1 -1 -1 -1 -1 -1
1 -1 -1 0 -1 -1 -1 -1 -1 -1 -1 -1 -1
15 -1 -1 14 -1 -1 -1 -1 -1 -1 -1 -1 -1
3 2 -1 -1 -1 -1 -1 -1 -1 -1 -1 -1 -1
5 -1 -1 -1 4 -1 -1 -1 -1 -1 -1 -1 -1 
6 -1 4 -1 -1 -1 -1 -1 -1 -1 -1 -1 -1 
8 -1 -1 7 -1 -1 -1 -1 -1 -1 -1 -1 -1 
11 -1 -1 9 -1 -1 -1 -1 -1 -1 -1 -1 -1
13 -1 12 -1 -1 -1 -1 -1 -1 -1 -1 -1 -1
16 14 -1 -1 -1 -1 -1 -1 -1 -1 -1 -1 -1
